Output for Matlab Code:

X = 0.46865720042324399141620006048469804227352142333984375
Y = -0.9229261042163849904085282105370424687862396240234375
Z = -3.138333097015244987915139063261449337005615234375